66.66666666666667,car,853,4,1917,985
100.0,car,857,3,1916,988
116.66666666666667,car,868,3,1918,991
133.33333333333334,car,868,2,1918,992
150.0,car,868,2,1918,993
166.66666666666666,car,860,2,1917,992
183.33333333333331,car,860,2,1917,994
200.0,car,863,2,1918,993
216.66666666666669,car,863,2,1918,1000
233.33333333333334,car,859,2,1918,1000
250.0,car,869,2,1919,995
266.6666666666667,car,872,2,1919,998
283.3333333333333,car,871,2,1919,999
300.0,car,870,1,1919,1001
316.66666666666663,car,868,1,1919,1005
333.3333333333333,car,867,1,1919,1005
350.0,car,867,1,1919,1001
366.66666666666663,car,872,1,1919,1001
383.3333333333333,car,871,1,1919,1001
400.0,car,875,1,1919,1001
416.6666666666667,car,878,1,1918,997
433.33333333333337,car,877,1,1918,999
450.0,car,867,1,1918,1001
466.6666666666667,car,871,0,1918,999
483.3333333333333,car,872,1,1918,999
500.0,car,868,1,1918,1004
516.6666666666666,car,868,0,1918,1004
533.3333333333334,car,868,0,1918,1004
550.0,car,868,0,1918,1006
566.6666666666666,car,872,0,1918,1003
583.3333333333334,car,875,0,1918,1004
600.0,car,879,0,1918,1005
616.6666666666667,car,876,0,1918,1004
633.3333333333333,car,876,0,1918,1005
650.0,car,881,-1,1918,1004
666.6666666666666,car,883,-1,1918,1003
683.3333333333334,car,884,-1,1918,1005
700.0,car,882,-1,1918,1003
716.6666666666666,car,884,0,1918,998
733.3333333333333,car,881,0,1917,999
750.0,car,880,0,1917,998
766.6666666666666,car,880,-1,1917,999
783.3333333333334,car,881,-1,1918,1003
800.0,car,882,-1,1918,1003
816.6666666666666,car,881,0,1918,1003
833.3333333333334,car,874,0,1917,1004
850.0,car,871,0,1917,1002
866.6666666666667,car,872,0,1917,1001
883.3333333333333,car,876,0,1918,1000
900.0,car,879,0,1918,1000
916.6666666666666,car,881,0,1918,998
933.3333333333334,car,880,0,1918,999
950.0,car,879,0,1917,999
966.6666666666666,car,879,1,1917,995
983.3333333333333,car,878,1,1917,994
1000.0,car,875,1,1917,992
1016.6666666666666,car,873,0,1917,997
1033.3333333333333,car,872,0,1917,998
1050.0,car,876,0,1917,998
1066.6666666666667,car,879,0,1917,996
1083.3333333333333,car,879,1,1917,989
1100.0,car,881,1,1917,987
1116.6666666666667,car,882,1,1917,987
1133.3333333333333,car,887,2,1916,985
1150.0,car,886,2,1916,985
1166.6666666666667,car,886,1,1917,992
1183.3333333333333,car,888,1,1917,992
1200.0,car,892,1,1917,995
1216.6666666666665,car,887,1,1918,996
1233.3333333333335,car,887,1,1918,998
1250.0,car,886,0,1918,996
1266.6666666666665,car,891,1,1918,997
1283.3333333333333,car,890,1,1918,997
1300.0,car,889,1,1918,997
1316.6666666666667,car,886,1,1918,1000
1333.3333333333333,car,886,1,1918,1001
1350.0,car,885,0,1918,1003
1366.6666666666667,car,888,1,1917,998
1383.3333333333333,car,888,1,1917,999
1400.0,car,888,1,1917,999
1416.6666666666667,car,891,1,1918,1000
1433.3333333333333,car,890,1,1918,999
1450.0,car,890,1,1918,1000
1466.6666666666665,car,886,0,1918,997
1483.3333333333335,car,880,1,1918,1000
1500.0,car,881,0,1918,999
1516.6666666666665,car,880,0,1918,999
1533.3333333333333,car,874,1,1917,999
1550.0,car,874,1,1917,1002
1566.6666666666667,car,876,2,1917,999
1583.3333333333333,car,876,2,1917,1000
1600.0,car,876,3,1917,997
1616.6666666666667,car,879,2,1917,999
1633.3333333333333,car,878,2,1917,999
1650.0,car,876,3,1917,999
1666.6666666666667,car,875,3,1917,996
1683.3333333333333,car,876,3,1917,994
1700.0,car,875,3,1917,994
1716.6666666666665,car,875,3,1917,995
1733.3333333333335,car,878,2,1917,998
1750.0,car,877,0,1917,999
1766.6666666666665,car,878,1,1917,999
1783.3333333333333,car,878,0,1917,1001
1800.0,car,872,1,1917,1002
1816.6666666666667,car,872,1,1917,1003
1833.3333333333333,car,872,1,1917,1002
1849.9999999999998,car,875,0,1918,1003
1866.6666666666667,car,874,0,1918,1006
1883.3333333333333,car,873,0,1918,1007
1900.0,car,871,0,1917,1004
1916.6666666666667,car,873,0,1918,1006
1933.3333333333333,car,871,1,1917,1005
1950.0,car,873,1,1917,1003
1966.6666666666665,car,872,1,1917,1004
1983.3333333333335,car,872,0,1917,1007
2000.0,car,872,0,1918,1008
2016.6666666666665,car,872,0,1918,1008
2033.3333333333333,car,868,0,1917,1008
2050.0,car,868,0,1917,1009
2066.6666666666665,car,868,0,1917,1008
2083.3333333333335,car,872,1,1917,1007
2100.0,car,870,1,1917,1007
2116.6666666666665,car,871,1,1917,1008
2133.3333333333335,car,876,1,1917,1002
2150.0,car,877,2,1917,999
2166.6666666666665,car,877,2,1917,998
2183.333333333333,car,875,2,1917,1000
2200.0,car,876,2,1917,1000
2216.666666666667,car,875,1,1917,999
2233.3333333333335,car,877,1,1917,999
2250.0,car,879,1,1917,999
2250.0,bus,856,-3,1918,970
2266.6666666666665,car,881,1,1917,1000
2283.333333333333,car,879,2,1917,999
2300.0,car,878,2,1917,998
2316.6666666666665,car,881,1,1917,1002
2333.3333333333335,car,881,1,1917,1003
2350.0,car,882,1,1917,1005
2366.6666666666665,car,883,2,1918,1007
2383.3333333333335,car,884,2,1918,1007
2400.0,car,883,2,1918,1009
2416.6666666666665,car,883,2,1918,1010
2433.333333333333,car,884,2,1917,1010
2450.0,car,884,2,1918,1009
2466.666666666667,car,883,3,1917,1005
2483.3333333333335,car,881,3,1917,1006
2500.0,car,868,3,1917,1006
2516.6666666666665,car,869,3,1917,1006
2533.333333333333,car,869,3,1917,1006
2550.0,car,869,3,1917,1005
2566.6666666666665,car,876,4,1917,1003
2583.3333333333335,car,877,4,1917,1003
2600.0,car,879,4,1917,1001
2616.6666666666665,car,885,2,1917,1008
2633.3333333333335,car,884,3,1917,1005
2650.0,car,883,3,1917,1004
2666.6666666666665,car,885,3,1917,1008
2683.333333333333,car,885,3,1917,1007
2700.0,car,896,3,1917,1003
2716.666666666667,car,898,3,1918,1000
2733.3333333333335,car,899,3,1918,1000
2750.0,car,903,1,1918,1002
2766.6666666666665,car,901,1,1918,1000
2783.333333333333,car,901,1,1918,999
2800.0,car,899,1,1918,998
2816.6666666666665,car,899,2,1917,990
2833.3333333333335,car,899,2,1918,990
2850.0,car,893,2,1918,994
2866.6666666666665,car,894,2,1918,995
2883.3333333333335,car,894,2,1918,994
2900.0,car,888,1,1918,1009
2916.6666666666665,car,890,1,1918,1008
2933.333333333333,car,891,1,1918,1007
2950.0,car,896,2,1918,1007
2966.666666666667,car,893,2,1918,1006
2983.3333333333335,car,885,2,1918,1014
3000.0,car,885,2,1918,1009
3016.6666666666665,car,885,2,1918,1009
3033.333333333333,car,885,2,1918,1008
3050.0,car,885,3,1918,1000
3066.6666666666665,car,885,3,1917,1000
3083.3333333333335,car,884,3,1918,1000
3100.0,car,895,4,1918,995
3116.6666666666665,car,897,3,1918,995
3133.3333333333335,car,900,5,1918,988
3150.0,car,901,5,1918,985
3166.6666666666665,car,903,5,1918,983
3183.333333333333,car,908,5,1917,977
3200.0,car,907,5,1917,979
3216.666666666667,car,908,5,1917,981
3233.3333333333335,car,914,4,1918,985
3250.0,car,913,4,1918,985
3266.6666666666665,car,913,4,1918,981
3283.333333333333,car,905,4,1917,986
3300.0,car,902,4,1917,984
3316.6666666666665,car,901,4,1917,984
3333.3333333333335,car,900,4,1917,987
3350.0,car,897,4,1917,988
3366.6666666666665,car,901,4,1917,989
3383.3333333333335,car,901,4,1917,988
3400.0,car,901,4,1917,987
3416.6666666666665,car,911,4,1918,984
3433.333333333333,car,915,3,1919,990
3449.9999999999995,car,915,3,1919,990
3466.666666666667,car,920,4,1919,983
3483.3333333333335,car,920,5,1918,979
3500.0,car,918,4,1918,982
3516.6666666666665,car,919,4,1918,984
3533.333333333333,car,906,3,1918,991
3550.0,car,905,3,1918,991
3566.6666666666665,car,915,2,1918,996
3583.3333333333335,car,915,2,1918,997
3600.0,car,915,2,1918,999
3616.6666666666665,car,915,2,1918,1000
3633.3333333333335,car,915,3,1918,999
3650.0,car,915,2,1918,1002
3666.6666666666665,car,912,3,1918,997
3683.333333333333,car,911,3,1918,1000
3699.9999999999995,car,910,2,1918,1004
3716.666666666667,car,909,2,1918,1005
3733.3333333333335,car,910,2,1918,1007
3750.0,car,910,2,1918,1008
3766.6666666666665,car,907,1,1918,1009
3783.333333333333,car,905,1,1918,1009
3800.0,car,905,1,1918,1009
3816.6666666666665,car,899,1,1918,1012
3833.3333333333335,car,902,1,1918,1009
3850.0,car,903,1,1918,1008
3866.6666666666665,car,910,0,1918,1009
3883.3333333333335,car,910,0,1918,1009
3900.0,car,913,0,1918,1009
3916.6666666666665,car,913,1,1918,1005
3933.333333333333,car,911,1,1918,1003
3949.9999999999995,car,910,1,1918,1005
3966.666666666667,car,911,1,1918,1003
3983.3333333333335,car,911,1,1918,1002
4000.0,car,913,2,1918,996
4016.6666666666665,car,913,1,1918,1000
4033.333333333333,car,914,1,1918,999
4050.0,car,915,2,1918,998
4066.6666666666665,car,913,2,1918,997
4083.333333333333,car,913,2,1918,999
4100.0,car,912,1,1918,999
4116.666666666666,car,912,1,1918,1001
4133.333333333333,car,910,1,1918,1002
4150.0,car,910,2,1918,999
4166.666666666667,car,909,1,1918,1001
4183.333333333334,car,912,1,1918,1000
4200.0,car,908,2,1918,998
4216.666666666667,car,910,2,1918,995
4233.333333333333,car,908,2,1918,996
4250.0,car,905,1,1918,998
4266.666666666667,car,905,1,1918,998
4283.333333333333,car,905,1,1918,997
4300.0,car,909,1,1918,1001
4316.666666666666,car,910,1,1918,1001
4333.333333333333,car,910,1,1918,1001
4350.0,car,909,2,1918,997
4366.666666666666,car,909,2,1918,998
4383.333333333333,car,910,2,1918,995
4400.0,car,909,2,1918,996
4416.666666666667,car,910,2,1918,994
4433.333333333334,car,911,1,1918,992
4450.0,car,911,1,1918,993
4466.666666666667,car,902,3,1918,999
4483.333333333333,car,903,3,1918,998
4500.0,car,904,3,1918,998
4516.666666666667,car,906,3,1918,996
4533.333333333333,car,903,3,1918,996
4550.0,car,895,3,1917,1005
4566.666666666666,car,896,3,1917,1004
4583.333333333333,car,896,3,1917,1003
4600.0,car,900,4,1917,1002
4616.666666666666,car,899,4,1917,1003
4633.333333333333,car,897,4,1917,1000
4650.0,car,895,4,1917,1000
4666.666666666667,car,896,4,1917,997
4683.333333333334,car,891,4,1917,997
4700.0,car,893,4,1917,999
4716.666666666667,car,892,4,1916,1002
4733.333333333333,car,890,3,1916,1005
4750.0,car,888,2,1916,1009
4766.666666666667,car,889,2,1916,1007
4783.333333333333,car,890,2,1916,1007
4800.0,car,890,2,1916,1009
4816.666666666666,car,882,2,1916,1007
4833.333333333333,car,881,2,1916,1007
4850.0,car,881,2,1916,1007
4866.666666666666,car,878,1,1916,1010
4883.333333333333,car,880,1,1916,1010
4900.0,car,888,1,1916,1006
4916.666666666667,car,888,1,1916,1007
4933.333333333334,car,885,1,1917,1012
4950.0,car,884,1,1917,1013
4966.666666666667,car,888,1,1917,1013
4983.333333333333,car,888,1,1917,1012
5000.0,car,892,1,1917,1012
5016.666666666667,car,894,1,1917,1009
5033.333333333333,car,893,0,1916,1010
5050.0,car,894,0,1916,1007
5066.666666666666,car,893,0,1917,1006
5083.333333333333,car,893,0,1917,1005
5100.0,car,890,2,1916,1006
5116.666666666666,car,889,2,1916,1007
5133.333333333333,car,888,2,1916,1008
5150.0,car,894,2,1916,999
5166.666666666667,car,898,1,1916,997
5183.333333333334,car,897,1,1916,998
5200.0,car,898,1,1916,998
5216.666666666667,car,897,1,1917,995
5233.333333333333,car,897,1,1917,995
5250.0,car,898,2,1917,991
5266.666666666667,car,897,1,1917,994
5283.333333333333,car,896,1,1917,995
5300.0,car,889,1,1917,999
5316.666666666666,car,888,2,1917,995
5333.333333333333,car,889,2,1917,997
5350.0,car,890,1,1917,993
5366.666666666666,car,891,1,1917,994
5383.333333333333,car,890,2,1917,992
5400.0,car,898,2,1917,984
5416.666666666667,car,896,1,1916,990
5433.333333333334,car,897,2,1917,989
5450.0,car,899,2,1916,988
5466.666666666667,car,899,1,1916,989
5483.333333333333,car,900,1,1916,988
5500.0,car,897,3,1916,989
5516.666666666667,car,897,3,1916,989
5533.333333333333,car,894,2,1916,992
5550.0,car,896,2,1916,991
5566.666666666666,car,896,2,1916,994
5583.333333333333,car,897,1,1916,995
5600.0,car,896,2,1916,994
5616.666666666666,car,898,1,1917,996
5633.333333333333,car,897,1,1916,996
5650.0,car,897,1,1916,996
5666.666666666667,car,895,2,1916,995
5683.333333333334,car,896,2,1916,995
5700.0,car,898,2,1917,994
5716.666666666667,car,900,2,1917,992
5733.333333333333,car,899,2,1917,994
5750.0,car,900,2,1917,990
5766.666666666667,car,901,2,1917,992
5783.333333333333,car,904,1,1918,992
5800.0,car,903,1,1918,994
5816.666666666666,car,902,1,1918,995
5833.333333333333,car,905,1,1918,991
5850.0,car,907,1,1918,991
5866.666666666666,car,907,0,1918,993
5883.333333333333,car,910,0,1918,992
5900.0,car,909,0,1918,995
5916.666666666667,car,910,0,1918,993
5933.333333333334,car,899,1,1918,994
5950.0,car,902,1,1918,994
5966.666666666667,car,900,1,1917,1001
5983.333333333333,car,898,1,1917,1000
6000.0,car,904,2,1918,991
6016.666666666667,car,905,1,1918,995
6033.333333333333,car,904,1,1918,993
6050.0,car,904,1,1918,993
6066.666666666666,car,906,0,1918,999
6083.333333333333,car,905,0,1917,999
6100.0,car,899,0,1917,1003
6116.666666666666,car,896,0,1917,999
6133.333333333333,car,899,0,1917,1001
6150.0,car,899,0,1917,1001
6166.666666666667,car,902,0,1917,999
6183.333333333334,car,902,0,1917,997
6200.0,car,901,0,1917,999
6216.666666666667,car,897,0,1917,1003
6233.333333333333,car,897,0,1917,1003
6250.0,car,897,0,1917,1003
6266.666666666667,car,898,0,1918,1002
6283.333333333333,car,897,0,1918,1000
6300.0,car,900,-1,1918,1000
6316.666666666666,car,900,-1,1918,998
6333.333333333333,car,900,-1,1918,999
6350.0,car,900,-1,1918,1003
6366.666666666666,car,895,0,1917,1004
6383.333333333333,car,895,0,1917,1004
6400.0,car,893,0,1917,1003
6416.666666666667,car,892,0,1916,1001
6433.333333333334,car,892,0,1916,997
6450.0,car,886,0,1916,1000
6450.0,bus,867,1,1912,982
6466.666666666667,car,886,0,1916,999
6466.666666666667,bus,867,1,1913,983
6483.333333333333,car,887,1,1916,994
6500.0,car,887,1,1916,992
6516.666666666667,car,888,1,1916,992
6533.333333333333,car,888,1,1916,991
6550.0,car,887,0,1917,993
6566.666666666666,car,888,0,1917,994
6583.333333333333,car,888,0,1916,992
6600.0,car,890,1,1916,992
6616.666666666666,car,891,1,1916,989
6633.333333333333,car,891,1,1916,986
6649.999999999999,car,890,1,1916,987
6666.666666666667,car,890,1,1916,987
6683.333333333334,car,890,1,1916,988
6700.0,car,890,1,1917,988
6716.666666666667,car,891,1,1917,988
6733.333333333333,car,889,0,1916,992
6750.0,car,889,0,1916,991
6766.666666666667,car,890,0,1916,991
6783.333333333333,car,889,0,1916,991
6800.0,car,889,0,1916,992
6816.666666666666,car,890,0,1916,988
6833.333333333333,car,890,0,1917,994
6833.333333333333,bus,868,1,1910,984
6850.0,car,889,0,1917,996
6866.666666666666,car,889,-1,1917,996
6883.333333333333,car,889,-1,1917,996
6899.999999999999,car,892,-1,1917,997
6899.999999999999,bus,870,0,1911,987
6916.666666666667,car,892,-1,1917,996
6916.666666666667,bus,870,1,1911,987
6933.333333333334,car,887,0,1916,994
6933.333333333334,bus,866,1,1910,983
6950.0,car,887,0,1916,995
6950.0,bus,866,1,1910,984
6966.666666666667,car,889,0,1916,995
6966.666666666667,bus,867,1,1910,985
6983.333333333333,car,890,0,1917,995
6983.333333333333,bus,867,1,1910,985
7000.0,car,889,0,1916,993
7000.0,bus,867,1,1910,985
7016.666666666667,car,891,0,1917,995
7033.333333333333,car,892,0,1917,996
7050.0,car,895,0,1917,995
7050.0,bus,871,1,1909,986
7066.666666666666,car,896,0,1917,997
7066.666666666666,bus,872,1,1910,986
7083.333333333333,car,895,0,1917,999
7083.333333333333,bus,870,1,1909,987
7100.0,car,896,0,1917,999
7100.0,bus,870,1,1908,988
7116.666666666666,car,896,0,1917,997
7116.666666666666,bus,870,2,1909,985
7133.333333333333,car,902,-1,1917,988
7133.333333333333,bus,876,3,1911,985
7149.999999999999,car,904,-1,1917,987
7149.999999999999,bus,877,3,1910,986
7166.666666666667,car,902,0,1917,988
7166.666666666667,bus,876,4,1910,986
7183.333333333334,car,901,-1,1917,989
7183.333333333334,bus,875,4,1911,986
7200.0,car,903,-1,1917,989
7200.0,bus,875,4,1910,985
7216.666666666667,car,902,-2,1917,995
7216.666666666667,bus,875,3,1909,988
7233.333333333333,car,902,-2,1917,995
7233.333333333333,bus,875,3,1908,988
7250.0,car,901,-2,1917,994
7250.0,bus,875,3,1908,988
7266.666666666667,car,900,0,1917,988
7266.666666666667,bus,876,2,1908,986
7283.333333333333,car,900,0,1917,989
7283.333333333333,bus,876,2,1909,986
7300.0,car,896,0,1917,990
7300.0,bus,875,1,1907,987
7316.666666666666,car,895,0,1917,989
7316.666666666666,bus,875,2,1908,987
7333.333333333333,car,893,0,1918,996
7350.0,car,890,-1,1917,998
7366.666666666666,car,886,0,1917,1006
7383.333333333333,car,887,0,1917,1005
7399.999999999999,car,886,0,1917,1008
7416.666666666667,car,886,0,1917,1005
7433.333333333334,car,885,0,1917,1006
7450.0,car,884,0,1917,1004
7466.666666666667,car,885,1,1917,1002
7483.333333333333,car,885,1,1917,996
7500.0,car,885,1,1917,998
7516.666666666667,car,885,1,1917,993
7533.333333333333,car,884,1,1917,996
7550.0,car,886,1,1916,997
7566.666666666666,car,887,1,1917,994
7583.333333333333,car,887,1,1917,996
7600.0,car,887,2,1917,990
7616.666666666666,car,891,1,1917,998
7633.333333333333,car,891,1,1917,993
7649.999999999999,car,893,2,1917,989
7666.666666666667,car,891,2,1917,986
7683.333333333334,car,891,2,1917,986
7700.0,car,892,3,1917,985
7716.666666666667,car,891,2,1917,989
7733.333333333333,car,891,2,1917,987
7750.0,car,889,4,1917,978
7766.666666666667,car,888,4,1917,980
7783.333333333333,car,883,4,1917,983
7800.0,car,884,3,1917,984
7816.666666666666,car,889,3,1916,986
7833.333333333333,car,888,2,1916,991
7850.0,car,890,1,1916,985
7866.666666666666,car,890,1,1916,982
7883.333333333333,car,891,1,1916,982
7899.999999999999,car,895,1,1917,981
7916.666666666667,car,894,1,1917,984
7933.333333333334,car,894,1,1917,981
7950.0,car,892,1,1916,986
7966.666666666667,car,890,1,1916,986
7983.333333333333,car,888,1,1916,984
8000.0,car,888,0,1917,994
8016.666666666666,car,887,0,1917,995
8033.333333333333,car,885,1,1916,989
8050.000000000001,car,883,1,1916,992
8066.666666666666,car,881,2,1916,989
8083.333333333334,car,881,2,1916,991
8100.0,car,882,2,1915,989
8116.666666666667,car,880,1,1916,996
8133.333333333333,car,879,2,1916,992
8150.0,car,879,2,1916,995
8166.666666666666,car,881,0,1916,1002
8183.333333333334,car,882,0,1916,1001
8200.0,car,880,0,1916,998
8216.666666666666,car,880,0,1916,1000
8233.333333333332,car,873,1,1916,999
8250.0,car,876,1,1916,999
8266.666666666666,car,875,1,1916,1001
8283.333333333334,car,873,1,1916,1002
8300.0,car,874,1,1916,1002
8316.666666666666,car,874,1,1916,1004
8333.333333333334,car,875,2,1916,986
8350.0,car,874,2,1916,986
8366.666666666668,car,874,4,1916,980
8383.333333333332,car,876,4,1916,980
8400.0,car,879,3,1916,984
8416.666666666666,car,881,3,1916,985
8433.333333333334,car,880,3,1916,985
8450.0,car,879,3,1916,983
8466.666666666666,car,880,1,1917,990
8483.333333333332,car,879,2,1916,986
8500.0,car,877,2,1916,987
8516.666666666666,car,879,2,1916,980
8533.333333333334,car,881,3,1916,977
8550.0,car,878,3,1916,982
8566.666666666666,car,877,2,1916,984
8583.333333333334,car,877,3,1916,982
8600.0,car,876,2,1916,985
8616.666666666668,car,875,3,1916,987
8633.333333333332,car,875,2,1916,987
8650.0,car,877,2,1916,986
8666.666666666666,car,884,2,1916,991
8683.333333333334,car,884,2,1916,990
8700.0,car,887,2,1916,983
8700.0,bus,871,0,1917,972
8716.666666666666,car,886,2,1916,983
8733.333333333332,car,886,2,1916,983
8750.0,car,886,3,1916,982
8766.666666666666,car,883,3,1915,980
8783.333333333334,car,884,3,1916,982
8800.0,car,885,2,1915,980
8816.666666666666,car,887,3,1916,980
8833.333333333334,car,886,3,1916,981
8850.0,car,888,3,1916,977
8850.0,bus,867,3,1914,959
8866.666666666668,car,888,3,1916,977
8866.666666666668,bus,867,3,1914,959
8883.333333333332,car,889,3,1916,977
8883.333333333332,bus,868,3,1913,961
8900.0,car,884,3,1916,980
8916.666666666666,car,884,3,1916,982
8933.333333333334,car,884,3,1916,983
8950.0,car,886,2,1916,989
8966.666666666666,car,885,2,1916,990
8983.333333333332,car,884,2,1916,991
9000.0,car,886,2,1916,992
9016.666666666666,car,890,1,1916,991
9033.333333333334,car,891,1,1916,992
9050.0,car,886,1,1916,997
9066.666666666666,car,888,1,1916,995
9083.333333333334,car,887,1,1916,994
9100.0,car,891,1,1916,989
9116.666666666668,car,891,1,1916,989
9133.333333333332,car,891,1,1916,990
9150.0,car,887,2,1916,987
9166.666666666666,car,886,2,1916,987
9183.333333333334,car,891,2,1916,982
9200.0,car,892,2,1916,982
9216.666666666666,car,892,2,1916,982
9233.333333333332,car,891,2,1916,982
9250.0,car,891,2,1916,982
9266.666666666666,car,896,2,1916,980
9283.333333333334,car,896,2,1916,980
9300.0,car,897,3,1916,977
9316.666666666666,car,895,2,1916,981
9333.333333333334,car,895,2,1916,981
9350.0,car,896,1,1916,982
9366.666666666668,car,895,2,1916,978
9383.333333333332,car,898,3,1916,975
9400.0,car,897,3,1916,973
9416.666666666666,car,899,3,1916,974
9433.333333333334,car,901,2,1916,975
9450.0,car,900,2,1917,980
9466.666666666666,car,896,2,1916,982
9483.333333333332,car,896,2,1916,981
9500.0,car,896,2,1916,982
9516.666666666666,car,896,1,1916,985
9533.333333333334,car,893,3,1916,988
9550.0,car,895,3,1916,985
9566.666666666666,car,892,2,1916,984
9583.333333333334,car,893,2,1916,985
9600.0,car,891,2,1916,987
9616.666666666668,car,887,3,1916,986
9633.333333333332,car,887,3,1916,987
9650.0,car,886,3,1916,987
9666.666666666666,car,892,2,1916,986
9683.333333333334,car,892,2,1916,987
9700.0,car,894,1,1916,986
9700.0,bus,880,1,1915,980
9716.666666666666,car,893,2,1916,982
9733.333333333332,car,894,2,1916,984
9750.0,car,894,2,1916,984
9766.666666666666,car,892,1,1916,983
9783.333333333334,car,893,2,1916,984
9800.0,car,894,2,1916,984
9816.666666666666,car,894,2,1916,982
9833.333333333334,car,894,2,1916,981
9850.0,car,894,2,1916,979
9850.0,bus,880,3,1914,974
9866.666666666668,car,895,2,1916,977
9866.666666666668,bus,876,2,1915,971
9883.333333333332,car,895,2,1916,976
9883.333333333332,bus,876,2,1915,972
9900.0,car,891,2,1916,977
9900.0,bus,874,2,1916,972
9916.666666666666,car,892,2,1915,975
9916.666666666666,bus,874,2,1916,968
9933.333333333334,car,891,2,1915,973
9933.333333333334,bus,874,3,1918,966
9950.0,car,899,2,1916,973
9950.0,bus,880,4,1916,974
9966.666666666666,car,899,2,1916,977
9966.666666666666,bus,881,4,1916,978
9983.333333333332,car,900,2,1916,977
9983.333333333332,bus,882,4,1916,979
10000.0,car,904,1,1917,979
10000.0,bus,886,4,1915,979
10016.666666666666,car,907,0,1917,986
10016.666666666666,bus,888,4,1913,986
10033.333333333334,car,906,0,1917,987
10033.333333333334,bus,888,4,1913,986
10050.0,car,906,0,1917,989
10050.0,bus,887,3,1913,986
10066.666666666666,car,907,0,1917,989
10066.666666666666,bus,886,3,1912,989
10083.333333333334,car,906,0,1917,988
10083.333333333334,bus,885,4,1912,988
10100.0,car,909,0,1917,985
10100.0,bus,885,4,1913,986
10116.666666666668,car,910,0,1917,986
10116.666666666668,bus,886,4,1912,986
10133.333333333332,car,910,0,1917,983
10133.333333333332,bus,886,5,1913,983
10150.0,car,911,0,1917,983
10150.0,bus,887,4,1915,983
10166.666666666666,car,911,0,1917,984
10166.666666666666,bus,888,4,1914,984
10183.333333333334,car,910,0,1917,986
10183.333333333334,bus,888,4,1915,984
10200.0,car,908,0,1917,983
10200.0,bus,887,4,1915,980
10216.666666666666,car,905,1,1917,985
10216.666666666666,bus,884,4,1914,982
10233.333333333332,car,904,1,1917,985
10233.333333333332,bus,884,4,1914,981
10250.0,car,905,0,1917,987
10250.0,bus,886,4,1913,981
10266.666666666666,car,906,0,1917,987
10266.666666666666,bus,886,4,1913,981
10283.333333333334,car,906,2,1917,984
10300.0,car,906,1,1917,980
10316.666666666666,car,906,1,1917,982
10333.333333333334,car,905,1,1917,982
10350.0,car,901,2,1917,979
10366.666666666668,car,901,2,1917,982
10383.333333333332,car,901,3,1917,983
10400.0,car,902,3,1917,982
10416.666666666666,car,902,3,1917,982
10433.333333333334,car,900,3,1917,984
10450.0,car,900,3,1917,986
10466.666666666666,car,899,4,1917,985
10483.333333333332,car,898,4,1916,984
10500.0,car,898,3,1917,985
10516.666666666666,car,897,2,1917,986
10533.333333333334,car,895,2,1917,987
10550.0,car,894,2,1917,986
10566.666666666666,car,894,2,1917,987
10583.333333333334,car,893,2,1916,981
10600.0,car,894,3,1916,980
10616.666666666668,car,894,2,1916,984
10633.333333333332,car,893,2,1916,986
10650.0,car,893,2,1916,987
10666.666666666666,car,896,2,1917,991
10683.333333333334,car,887,1,1916,999
10700.0,car,887,2,1916,998
10716.666666666666,car,888,2,1916,995
10733.333333333332,car,891,2,1916,990
10750.0,car,893,2,1916,985
10766.666666666666,car,892,1,1916,983
10783.333333333334,car,892,1,1916,984
10800.0,car,890,1,1916,983
10816.666666666666,car,887,1,1916,980
10833.333333333334,car,887,1,1916,981
10850.0,car,887,1,1916,981
10866.666666666668,car,889,1,1916,983
10883.333333333332,car,890,1,1916,980
10900.0,car,893,1,1916,973
10900.0,bus,875,4,1914,966
10916.666666666666,car,894,1,1916,973
10916.666666666666,bus,875,3,1915,968
10933.333333333334,car,897,2,1916,968
10933.333333333334,bus,880,4,1913,967
10950.0,car,896,2,1916,970
10950.0,bus,878,4,1915,966
10966.666666666666,car,893,2,1916,975
10966.666666666666,bus,878,3,1917,966
10983.333333333332,car,893,2,1916,974
10983.333333333332,bus,877,3,1917,966
11000.0,car,893,2,1916,976
11000.0,bus,877,3,1916,968
11016.666666666666,car,894,2,1916,968
11016.666666666666,bus,877,3,1916,962
11033.333333333334,car,894,2,1916,970
11033.333333333334,bus,876,2,1915,964
11050.0,car,893,2,1916,971
11050.0,bus,877,2,1915,966
11066.666666666666,car,893,2,1916,971
11083.333333333334,car,893,3,1916,968
11100.0,car,890,3,1916,969
11100.0,bus,874,3,1918,960
11116.666666666668,car,890,3,1916,969
11116.666666666668,bus,874,3,1919,962
11133.333333333332,car,890,3,1916,969
11133.333333333332,bus,874,2,1918,964
11150.0,car,893,4,1916,964
11150.0,bus,878,3,1917,961
11166.666666666666,car,886,3,1915,968
11166.666666666666,bus,872,2,1917,962
11183.333333333334,car,886,3,1915,969
11183.333333333334,bus,872,2,1917,962
11200.0,car,885,3,1915,969
11200.0,bus,873,1,1918,963
11216.666666666666,car,889,3,1915,971
11216.666666666666,bus,874,2,1917,968
11233.333333333332,car,889,3,1915,970
11233.333333333332,bus,874,1,1917,968
11250.0,car,889,2,1915,969
11250.0,bus,874,2,1917,967
11266.666666666666,car,898,2,1916,975
11283.333333333334,car,898,3,1916,974
11300.0,car,889,3,1916,981
11316.666666666666,car,890,3,1917,983
11333.333333333334,car,890,3,1916,982
11350.0,car,895,2,1917,981
11350.0,bus,881,1,1913,979
11366.666666666668,car,896,2,1917,983
11366.666666666668,bus,882,1,1914,982
11383.333333333332,car,895,2,1917,982
11383.333333333332,bus,882,1,1914,981
11400.0,car,900,2,1917,977
11400.0,bus,882,2,1915,975
11416.666666666666,car,896,2,1917,983
11416.666666666666,bus,880,2,1914,978
11433.333333333334,car,896,2,1917,982
11433.333333333334,bus,881,1,1914,977
11450.0,car,897,2,1917,981
11450.0,bus,881,3,1915,977
11466.666666666666,car,898,2,1917,978
11483.333333333332,car,897,2,1917,977
11500.0,car,897,2,1917,978
11516.666666666666,car,898,2,1917,978
11533.333333333334,car,900,1,1917,979
11533.333333333334,bus,882,2,1914,974
11550.0,car,900,1,1917,980
11550.0,bus,881,2,1914,974
11566.666666666666,car,901,2,1917,980
11583.333333333334,car,898,2,1917,980
11600.0,car,898,1,1917,983
11600.0,bus,879,3,1914,977
11616.666666666668,car,898,1,1917,984
11616.666666666668,bus,878,3,1913,978
11633.333333333332,car,896,2,1917,985
11650.0,car,895,2,1917,986
11666.666666666666,car,896,2,1917,985
11683.333333333334,car,900,1,1917,986
11700.0,car,902,1,1917,984
11716.666666666666,car,901,1,1917,980
11733.333333333332,car,902,2,1917,976
11750.0,car,902,2,1917,974
11766.666666666666,car,901,2,1917,973
11783.333333333334,car,901,2,1917,973
11800.0,car,901,2,1917,976
11816.666666666666,car,900,2,1917,973
11833.333333333334,car,901,2,1917,969
11850.0,car,901,2,1916,968
11866.666666666668,car,902,2,1917,968
11883.333333333332,car,902,3,1916,969
11900.0,car,901,3,1916,969
11916.666666666666,car,901,3,1916,969
11933.333333333334,car,900,4,1916,971
11950.0,car,901,3,1916,974
11966.666666666666,car,900,3,1916,975
11983.333333333332,car,900,3,1916,974
12000.0,car,902,3,1917,976
12016.666666666666,car,900,3,1917,975
12033.333333333334,car,900,3,1917,975
12050.0,car,900,3,1917,973
12066.666666666666,car,904,3,1917,969
12083.333333333334,car,905,3,1917,969
12100.0,car,907,3,1917,967
12116.666666666668,car,905,3,1916,964
12133.333333333332,car,905,3,1916,968
12150.0,car,905,3,1916,967
12166.666666666666,car,902,2,1916,971
12183.333333333334,car,902,2,1916,971
12200.0,car,903,2,1916,970
12216.666666666666,car,901,2,1916,969
12233.333333333332,car,901,2,1916,969
12250.0,car,903,2,1916,970
12266.666666666666,car,897,1,1916,970
12283.333333333334,car,896,1,1916,971
12300.0,car,899,1,1916,982
12316.666666666666,car,900,1,1916,982
12333.333333333334,car,900,1,1916,982
12350.0,car,898,2,1916,974
12366.666666666668,car,899,3,1916,976
12383.333333333332,car,898,3,1916,975
12400.0,car,897,2,1916,977
12416.666666666666,car,900,1,1917,985
12433.333333333334,car,899,2,1917,985
12450.0,car,899,1,1917,984
12466.666666666666,car,899,1,1917,981
12483.333333333332,car,900,1,1917,978
12500.0,car,897,1,1917,988
12516.666666666666,car,894,2,1917,988
12533.333333333334,car,893,1,1917,987
12550.0,car,893,1,1917,977
12566.666666666666,car,894,1,1916,976
12583.333333333334,car,893,1,1917,975
12600.0,car,890,2,1917,977
12616.666666666668,car,887,2,1917,981
12633.333333333332,car,887,1,1917,984
12650.0,car,887,1,1917,986
12666.666666666666,car,887,1,1916,981
12683.333333333334,car,886,1,1916,983
12700.0,car,878,1,1916,999
12716.666666666666,car,876,1,1916,1002
12733.333333333332,car,875,1,1916,999
12750.0,car,878,0,1916,999
12766.666666666666,car,881,0,1916,997
12783.333333333334,car,885,0,1917,994
12800.0,car,887,0,1917,994
12816.666666666666,car,888,1,1918,991
12833.333333333334,car,887,1,1918,990
12850.0,car,887,1,1918,990
12866.666666666668,car,886,1,1918,993
12883.333333333332,car,886,1,1918,994
12900.0,car,886,0,1918,997
12916.666666666666,car,887,0,1918,995
12933.333333333334,car,887,0,1918,994
12950.0,car,887,0,1918,993
12966.666666666666,car,887,0,1918,992
12983.333333333332,car,888,0,1918,992
13000.0,car,890,1,1918,990
13016.666666666666,car,891,1,1918,984
13033.333333333334,car,892,1,1918,985
13049.999999999998,car,891,1,1918,985
13066.666666666666,car,893,2,1918,979
13083.333333333334,car,891,2,1917,978
13100.0,car,893,2,1917,980
13116.666666666668,car,891,2,1918,983
13133.333333333332,car,892,2,1917,987
13150.0,car,891,2,1918,989
13166.666666666666,car,890,2,1918,990
13183.333333333334,car,891,2,1917,988
13200.0,car,889,1,1917,987
13216.666666666666,car,892,1,1917,988
13233.333333333332,car,892,1,1917,989
13250.0,car,892,1,1918,991
13266.666666666666,car,893,1,1918,989
13283.333333333334,car,892,1,1918,990
13299.999999999998,car,893,1,1918,989
13316.666666666666,car,893,1,1918,987
13333.333333333334,car,889,2,1917,986
13350.0,car,888,3,1917,985
13366.666666666668,car,888,2,1918,986
13383.333333333332,car,888,2,1918,985
13400.0,car,888,2,1918,984
13416.666666666666,car,886,2,1918,983
13433.333333333334,car,886,2,1918,983
13450.0,car,886,2,1918,984
13466.666666666666,car,887,2,1918,987
13483.333333333332,car,886,2,1918,988
13500.0,car,884,2,1918,988
13516.666666666666,car,884,3,1918,988
13533.333333333334,car,885,3,1918,985
13549.999999999998,car,887,3,1917,976
13566.666666666666,car,887,3,1918,975
13583.333333333334,car,888,3,1918,977
13600.0,car,887,3,1918,982
13616.666666666668,car,889,3,1918,981
13633.333333333332,car,888,3,1919,982
13650.0,car,889,3,1919,981
13666.666666666666,car,890,2,1919,979
13683.333333333334,car,891,2,1919,978
13700.0,car,891,2,1918,978
13716.666666666666,car,890,2,1918,979
13733.333333333332,car,890,2,1918,979
13750.0,car,890,2,1918,984
13766.666666666666,car,890,2,1918,986
13783.333333333334,car,890,2,1918,983
13799.999999999998,car,890,1,1918,981
13816.666666666666,car,890,1,1918,980
13833.333333333334,car,891,1,1918,979
13850.0,car,893,1,1918,978
13866.666666666668,car,892,1,1918,979
13883.333333333332,car,893,1,1918,980
13900.0,car,893,1,1917,979
13916.666666666666,car,893,1,1917,977
13933.333333333334,car,894,1,1917,978
13950.0,car,896,1,1917,973
13966.666666666666,car,895,1,1917,971
13983.333333333332,car,893,1,1916,970
14000.0,car,893,0,1917,971
14016.666666666666,car,893,0,1917,972
14033.333333333334,car,895,1,1917,968
14049.999999999998,car,895,1,1916,967
14066.666666666666,car,895,1,1917,969
14083.333333333334,car,895,1,1916,968
14100.0,car,894,2,1916,969
14116.666666666668,car,896,2,1916,966
14133.333333333332,car,897,1,1917,970
14150.0,car,897,1,1917,969
14166.666666666666,car,895,2,1917,964
14183.333333333334,car,895,1,1917,965
14200.0,car,897,1,1917,967
14216.666666666666,car,896,1,1917,968
14233.333333333332,car,895,1,1917,969
14250.0,car,895,1,1917,971
14266.666666666666,car,894,0,1917,977
14283.333333333334,car,894,0,1918,978
14299.999999999998,car,894,0,1918,978
14316.666666666666,car,894,1,1917,978
14333.333333333334,car,890,2,1918,976
14350.0,car,891,2,1918,975
14366.666666666668,car,895,2,1918,972
14383.333333333332,car,895,2,1918,971
14400.0,car,894,2,1918,971
14416.666666666666,car,896,2,1917,968
14433.333333333334,car,897,2,1917,967
14450.0,car,897,2,1917,967
14466.666666666666,car,893,2,1917,972
14483.333333333332,car,891,3,1917,973
14500.0,car,892,2,1917,975
14516.666666666666,car,889,2,1918,978
14533.333333333334,car,889,2,1918,979
14549.999999999998,car,891,2,1918,975
14566.666666666666,car,888,3,1918,974
14583.333333333334,car,889,2,1918,974
14600.0,car,891,2,1918,976
14616.666666666668,car,893,3,1918,967
14633.333333333332,car,894,3,1918,966
14650.0,car,893,3,1918,965
14666.666666666666,car,892,3,1918,964
14683.333333333334,car,893,3,1918,964
14700.0,car,891,2,1918,966
14716.666666666666,car,892,2,1918,966
14733.333333333332,car,891,2,1918,967
14750.0,car,890,2,1918,969
14766.666666666666,car,888,2,1918,969
14783.333333333334,car,889,2,1918,967
14799.999999999998,car,888,1,1918,970
14816.666666666666,car,885,1,1918,964
14833.333333333334,car,885,1,1918,965
14850.0,car,884,1,1918,961
14866.666666666668,car,887,3,1918,958
14883.333333333332,car,887,3,1918,956
14900.0,car,885,3,1918,963
14916.666666666666,car,885,4,1918,961
14933.333333333334,car,885,4,1918,962
14950.0,car,888,3,1918,984
14966.666666666666,car,889,3,1918,982
14983.333333333332,car,886,2,1918,985
15000.0,car,888,2,1918,984
15016.666666666666,car,888,2,1918,984
15033.333333333334,car,888,4,1917,972
15049.999999999998,car,888,4,1917,973
15066.666666666666,car,887,3,1918,978
15083.333333333334,car,889,3,1918,979
15100.0,car,884,4,1918,974
15116.666666666668,car,884,4,1918,976
15133.333333333332,car,885,4,1917,967
15150.0,car,888,4,1917,970
15166.666666666666,car,887,4,1917,972
15183.333333333334,car,886,3,1917,974
15200.0,car,885,3,1918,977
15216.666666666666,car,886,4,1917,976
15233.333333333332,car,888,4,1918,972
15250.0,car,890,4,1917,968
15266.666666666666,car,890,4,1917,968
15283.333333333334,car,890,4,1917,966
15299.999999999998,car,889,4,1917,962
15316.666666666666,car,890,4,1917,962
15333.333333333334,car,891,6,1917,958
15350.0,car,891,7,1917,956
15366.666666666668,car,890,6,1918,954
15383.333333333332,car,890,6,1918,955
15400.0,car,890,7,1918,952
15416.666666666666,car,889,7,1918,951
15433.333333333334,car,889,7,1918,952
15450.0,car,889,7,1918,953
15466.666666666666,car,890,6,1918,956
15483.333333333332,car,890,6,1918,957
15500.0,car,889,6,1918,961
15516.666666666666,car,892,5,1918,963
15533.333333333334,car,892,5,1918,966
15549.999999999998,car,894,6,1917,961
15566.666666666666,car,897,6,1917,953
15583.333333333334,car,897,6,1918,954
15600.0,car,897,6,1918,951
15616.666666666668,car,898,6,1917,950
15633.333333333332,car,897,6,1917,952
15650.0,car,898,6,1917,951
15666.666666666666,car,899,6,1918,952
15683.333333333334,car,901,5,1917,951
15700.0,car,900,5,1918,955
15716.666666666666,car,901,5,1918,956
15733.333333333332,car,895,4,1918,964
15750.0,car,894,4,1918,965
15766.666666666666,car,894,3,1918,971
15783.333333333334,car,893,3,1918,972
15799.999999999998,car,893,3,1918,973
15816.666666666666,car,893,2,1917,972
15833.333333333334,car,892,2,1917,974
15850.0,car,892,2,1916,972
15866.666666666668,car,892,2,1916,973
15883.333333333332,car,893,2,1916,975
15900.0,car,892,2,1917,976
15916.666666666666,car,892,2,1916,976
15933.333333333334,car,893,2,1917,975
15950.0,car,894,2,1916,976
15966.666666666666,car,894,2,1917,975
15983.333333333332,car,894,2,1917,972
16000.0,car,893,3,1917,970
16016.666666666666,car,890,4,1917,970
16033.333333333332,car,889,3,1917,973
16050.0,car,893,4,1917,965
16066.666666666666,car,892,4,1917,965
16083.333333333332,car,893,4,1917,964
16100.000000000002,car,894,4,1917,963
16116.666666666668,car,893,4,1917,960
16133.333333333332,car,892,4,1917,958
16149.999999999998,car,891,4,1918,961
16166.666666666668,car,891,4,1918,961
16183.333333333334,car,888,4,1918,958
16200.0,car,889,4,1918,960
16216.666666666664,car,887,3,1918,965
16233.333333333334,car,888,3,1918,965
16250.0,car,887,2,1918,966
16266.666666666666,car,890,3,1918,965
16283.333333333332,car,890,2,1918,966
16300.0,car,888,2,1918,966
16316.666666666666,car,888,2,1918,965
16333.333333333332,car,891,3,1918,962
16333.333333333332,person,492,506,569,650
16350.000000000002,car,890,3,1918,964
16350.000000000002,person,492,506,570,650
16366.666666666668,car,892,3,1918,953
16383.333333333332,car,892,3,1917,955
16400.0,car,892,3,1917,954
16416.666666666668,car,889,2,1917,961
16433.333333333332,car,889,2,1917,963
16450.0,car,886,2,1918,966
16466.666666666664,car,888,2,1918,966
16483.333333333336,car,886,3,1917,966
16500.0,car,886,3,1917,966
16516.666666666664,car,884,2,1917,969
16533.333333333332,car,883,3,1917,966
16550.0,car,887,3,1918,971
16566.666666666668,car,887,3,1918,973
16583.333333333332,car,890,4,1917,968
16600.0,car,889,4,1917,966
16616.666666666668,car,889,4,1917,965
16633.333333333332,car,887,2,1917,972
16650.0,car,886,1,1918,973
16666.666666666668,car,886,1,1917,965
16683.333333333332,car,886,2,1917,964
16683.333333333332,person,500,508,583,649
16700.0,car,886,2,1917,962
16700.0,person,500,508,583,649
16716.666666666664,car,888,1,1917,964
16716.666666666664,person,501,508,583,649
16733.333333333336,car,890,1,1916,964
16750.0,car,892,1,1916,965
16766.666666666664,car,894,1,1917,967
16783.333333333332,car,894,1,1917,968
16800.0,car,893,1,1917,968
16816.666666666668,car,892,1,1917,968
16833.333333333332,car,882,1,1917,979
16850.0,car,882,1,1916,979
16866.666666666668,car,884,3,1916,972
16883.333333333332,car,886,3,1916,972
16900.0,car,880,3,1917,976
16916.666666666668,car,881,3,1917,978
16933.333333333332,car,861,1,1916,985
16933.333333333332,person,501,508,581,654
16950.0,car,865,2,1917,981
16950.0,person,500,508,581,654
16966.666666666664,car,864,2,1917,977
16966.666666666664,person,500,508,585,655
16983.333333333336,car,863,2,1918,976
16983.333333333336,person,500,508,585,655
17000.0,car,863,2,1918,974
17000.0,person,500,508,585,655
17016.666666666664,car,882,4,1917,958
17016.666666666664,person,501,503,584,655
17033.333333333332,car,883,4,1916,960
17033.333333333332,person,501,503,584,655
17050.0,car,882,4,1917,959
17050.0,person,502,504,585,655
17066.666666666668,car,887,4,1916,955
17066.666666666668,person,501,505,587,657
17083.333333333332,car,890,4,1916,953
17083.333333333332,person,499,505,585,657
17100.0,car,889,4,1917,955
17100.0,person,501,505,587,656
17116.666666666668,car,890,4,1916,958
17116.666666666668,person,501,505,587,656
17133.333333333332,car,890,4,1916,957
17133.333333333332,person,501,505,587,656
17150.0,car,897,5,1916,954
17150.0,person,501,508,584,659
17166.666666666668,car,894,5,1916,943
17166.666666666668,person,502,506,586,658
17183.333333333332,car,893,5,1916,943
17183.333333333332,person,502,506,586,658
17200.0,car,891,5,1916,943
17200.0,person,502,506,587,658
17216.666666666664,car,893,5,1915,951
17216.666666666664,person,504,505,590,659
17233.333333333336,car,892,4,1915,952
17233.333333333336,person,504,505,589,659
17250.0,car,893,5,1916,949
17250.0,person,500,505,588,660
17266.666666666664,car,891,4,1916,950
17266.666666666664,person,501,505,590,660
17283.333333333332,car,892,4,1915,950
17283.333333333332,person,501,505,590,660
17300.0,car,887,4,1915,955
17300.0,person,502,501,594,660
17316.666666666668,car,889,4,1915,954
17316.666666666668,person,502,501,594,660
17333.333333333332,car,888,4,1915,955
17333.333333333332,person,502,502,594,659
17350.0,car,891,2,1916,965
17350.0,person,506,503,598,665
17366.666666666668,car,890,2,1916,965
17366.666666666668,person,506,503,598,665
17383.333333333332,car,892,3,1916,964
17383.333333333332,person,511,500,607,661
17400.0,car,892,2,1916,964
17400.0,person,511,500,606,661
17416.666666666668,car,888,3,1916,965
17416.666666666668,person,516,499,613,662
17433.333333333332,car,889,3,1916,965
17433.333333333332,person,516,499,613,662
17450.0,car,891,3,1916,964
17450.0,person,515,501,613,663
17466.666666666664,car,891,3,1916,963
17466.666666666664,person,516,501,614,663
17483.333333333336,car,890,1,1917,963
17483.333333333336,person,520,498,622,665
17500.0,car,888,1,1917,967
17500.0,person,520,499,621,665
17516.666666666664,car,887,1,1917,968
17516.666666666664,person,520,499,621,665
17533.333333333332,car,887,0,1917,971
17533.333333333332,person,522,500,618,665
17550.0,car,887,1,1916,969
17550.0,person,523,500,619,665
17566.666666666668,car,880,0,1917,974
17566.666666666668,person,523,502,623,665
17583.333333333332,car,881,0,1917,973
17583.333333333332,person,523,502,622,666
17600.0,car,883,0,1917,970
17600.0,person,524,502,623,666
17616.666666666668,car,884,0,1916,968
17616.666666666668,person,523,502,623,665
17633.333333333332,car,885,1,1916,969
17633.333333333332,person,523,499,620,660
17650.0,car,886,1,1916,971
17650.0,person,523,499,621,660
17666.666666666668,car,887,1,1916,974
17666.666666666668,person,524,499,621,660
17683.333333333332,car,887,1,1916,974
17683.333333333332,person,524,499,621,660
17700.0,car,885,0,1916,972
17700.0,person,523,500,619,658
17716.666666666664,car,884,1,1916,970
17716.666666666664,person,524,499,619,659
17733.333333333336,car,886,1,1916,969
17733.333333333336,person,524,499,619,659
17750.0,car,873,0,1915,983
17750.0,person,523,499,619,656
17766.666666666664,car,873,0,1915,980
17766.666666666664,person,523,499,618,656
17783.333333333332,car,874,0,1916,974
17783.333333333332,person,525,500,619,655
17800.0,car,875,0,1916,976
17800.0,person,525,500,619,655
17816.666666666668,car,872,-1,1915,979
17816.666666666668,person,525,500,618,654
17833.333333333332,car,864,0,1915,977
17833.333333333332,person,524,498,617,655
17850.0,car,863,0,1915,977
17850.0,person,524,498,617,655
17866.666666666668,car,867,1,1916,978
17866.666666666668,person,525,501,616,655
17883.333333333332,car,867,1,1917,974
17883.333333333332,person,526,496,614,657
17900.0,car,869,1,1917,973
17900.0,person,526,496,613,657
17916.666666666668,car,867,1,1917,975
17916.666666666668,person,526,496,613,657
17933.333333333332,car,872,4,1917,967
17933.333333333332,person,531,494,619,655
17950.0,car,871,5,1918,962
17950.0,person,530,494,619,655
17966.666666666664,car,863,4,1917,969
17966.666666666664,person,532,495,626,657
17983.333333333336,car,862,4,1917,970
17983.333333333336,person,533,495,626,657
18000.0,car,864,4,1917,965
18000.0,person,533,496,627,658
18016.666666666664,car,860,4,1917,964
18016.666666666664,person,531,497,624,658
18033.333333333332,car,860,4,1917,965
18033.333333333332,person,531,497,624,658
18050.0,car,859,3,1917,967
18050.0,person,531,497,623,658
18066.666666666668,car,867,4,1917,969
18066.666666666668,person,533,494,625,658
18083.333333333332,car,869,4,1917,967
18083.333333333332,person,533,494,625,658
18100.0,car,865,3,1917,975
18100.0,person,534,491,626,659
18116.666666666668,car,863,3,1917,973
18116.666666666668,person,534,491,626,659
18133.333333333332,car,862,4,1917,977
18133.333333333332,person,532,492,628,660
18150.0,car,862,3,1917,978
18150.0,person,532,492,628,660
18166.666666666668,car,863,2,1916,978
18166.666666666668,person,536,489,628,659
18183.333333333332,car,861,2,1916,976
18183.333333333332,person,536,489,628,659
18200.0,car,864,2,1916,974
18200.0,person,536,489,628,659
18216.666666666664,car,876,2,1917,969
18216.666666666664,person,534,491,627,661
18233.333333333336,car,874,2,1917,969
18233.333333333336,person,535,491,628,661
18250.0,car,881,2,1917,970
18250.0,person,536,494,630,662
18266.666666666664,car,880,2,1917,970
18266.666666666664,person,537,494,630,661
18283.333333333332,car,879,2,1917,971
18283.333333333332,person,536,494,630,662
18300.0,car,871,2,1916,963
18300.0,person,539,491,632,659
18316.666666666668,car,872,2,1915,966
18316.666666666668,person,539,491,632,659
18333.333333333332,car,872,2,1915,966
18333.333333333332,person,538,491,632,659
18350.0,car,871,1,1915,969
18350.0,person,538,491,632,660
18366.666666666668,car,867,1,1915,967
18366.666666666668,person,543,495,638,660
18383.333333333332,car,866,1,1915,968
18383.333333333332,person,543,495,638,660
18400.0,car,865,1,1915,965
18400.0,person,543,495,638,660
18416.666666666668,car,870,3,1917,966
18416.666666666668,person,546,494,637,660
18433.333333333332,car,870,3,1917,966
18433.333333333332,person,546,494,637,660
18450.0,car,873,0,1916,970
18466.666666666664,car,872,0,1916,970
18483.333333333336,car,873,0,1916,971
18500.0,car,879,0,1917,969
18500.0,person,543,499,638,663
18516.666666666664,car,878,0,1917,966
18516.666666666664,person,544,499,639,663
18533.333333333332,car,877,2,1916,962
18550.0,car,877,2,1917,962
18566.666666666668,car,875,1,1917,966
18583.333333333332,car,876,1,1917,969
18600.0,car,870,0,1916,968
18616.666666666668,car,871,0,1916,968
18633.333333333332,car,882,0,1917,968
18650.0,car,882,0,1917,965
18666.666666666668,car,881,0,1916,965
18683.333333333332,car,881,0,1916,965
18700.0,car,878,0,1915,970
18700.0,person,550,496,652,666
18716.666666666664,car,878,0,1915,971
18716.666666666664,person,550,496,652,666
18733.333333333336,car,880,0,1916,971
18733.333333333336,person,544,501,645,662
18750.0,car,880,0,1916,973
18750.0,person,544,500,645,663
18766.666666666664,car,882,0,1916,972
18766.666666666664,person,545,500,644,657
18766.666666666664,bus,869,0,1909,964
18783.333333333332,car,882,0,1916,973
18783.333333333332,person,545,500,644,658
18783.333333333332,bus,869,0,1909,965
18800.0,car,881,-1,1916,974
18800.0,person,545,500,644,658
18816.666666666668,car,882,0,1916,973
18816.666666666668,person,545,500,644,658
18833.333333333332,car,897,3,1915,970
18850.0,car,896,2,1915,970
18866.666666666668,car,895,2,1915,970
18883.333333333332,car,895,2,1915,971
18900.0,car,899,3,1915,967
18916.666666666668,car,899,3,1916,970
18933.333333333332,car,886,0,1916,980
18950.0,car,885,0,1916,981
18966.666666666664,car,889,0,1916,979
18966.666666666664,person,551,501,642,659
18983.333333333336,car,889,0,1916,979
18983.333333333336,person,551,501,642,659
19000.0,car,887,0,1916,977
19000.0,person,550,501,642,659
19016.666666666664,car,887,0,1916,978
19016.666666666664,person,550,501,642,659
19033.333333333332,car,885,0,1917,976
19033.333333333332,person,557,500,647,659
19050.0,car,886,0,1917,975
19050.0,person,557,500,647,659
19066.666666666668,car,888,0,1917,983
19066.666666666668,person,557,503,646,658
19083.333333333332,car,886,0,1916,979
19083.333333333332,person,559,503,648,658
19100.0,car,886,0,1916,977
19100.0,person,559,503,648,658
19116.666666666668,car,887,0,1916,976
19116.666666666668,person,559,504,648,658
19133.333333333332,car,884,1,1916,974
19150.0,car,886,1,1915,972
19166.666666666668,car,883,1,1916,976
19183.333333333332,car,884,1,1916,975
19200.0,car,884,1,1916,973
19216.666666666664,car,897,1,1916,975
19233.333333333336,car,896,1,1916,975
19250.0,car,895,0,1916,979
19266.666666666664,car,895,0,1917,979
19283.333333333332,car,894,0,1917,979
19300.0,car,903,0,1916,976
19316.666666666668,car,902,0,1916,976
19333.333333333332,car,898,0,1917,975
19350.0,car,900,0,1917,971
19366.666666666668,car,904,1,1916,973
19383.333333333332,car,904,2,1916,971
19400.0,car,903,1,1916,973
19416.666666666668,car,908,2,1916,965
19433.333333333332,car,908,1,1916,964
19450.0,car,903,1,1916,967
19466.666666666664,car,902,1,1916,967
19483.333333333336,car,900,0,1917,972
19500.0,car,900,0,1917,973
19516.666666666664,car,900,0,1917,973
19533.333333333332,car,899,0,1917,972
19550.0,car,899,0,1917,971
19566.666666666668,car,903,2,1917,962
19583.333333333332,car,902,2,1917,963
19600.0,car,899,2,1917,962
19616.666666666668,car,898,2,1917,964
19633.333333333332,car,899,2,1917,966
19650.0,car,902,1,1916,965
19666.666666666668,car,902,1,1917,966
19683.333333333332,car,902,1,1917,967
19700.0,car,900,1,1917,966
19716.666666666664,car,901,1,1916,965
19733.333333333336,car,898,1,1917,969
19750.0,car,894,0,1916,973
19766.666666666664,car,894,0,1917,974
19783.333333333332,car,898,0,1917,970
19800.0,car,892,-1,1917,979
19816.666666666668,car,892,-1,1918,980
19833.333333333332,car,893,-1,1917,977
19850.0,car,894,0,1918,976
19866.666666666668,car,895,0,1918,973
19883.333333333332,car,895,0,1918,972
19900.0,car,886,0,1918,975
19916.666666666668,car,887,0,1918,972
19933.333333333332,car,887,0,1918,973
19950.0,car,898,1,1918,968
19966.666666666664,car,897,1,1918,966
19983.333333333336,car,896,1,1918,974
20000.0,car,893,0,1917,971
20016.666666666664,car,894,1,1917,970
20016.666666666664,bus,875,1,1915,965
20033.333333333332,car,894,0,1917,963
20033.333333333332,bus,871,0,1917,959
20050.0,car,894,0,1917,963
20050.0,bus,872,0,1917,959
20066.666666666668,car,893,-1,1917,963
20066.666666666668,bus,870,0,1916,961
20083.333333333332,car,886,0,1916,968
20083.333333333332,bus,870,0,1917,959
20100.0,car,886,0,1916,971
20100.0,bus,869,0,1917,963
20116.666666666668,car,885,0,1916,971
20116.666666666668,bus,869,-1,1916,964
20133.333333333332,car,878,1,1915,976
20133.333333333332,bus,866,-2,1918,964
20150.0,car,878,0,1915,975
20150.0,bus,866,-2,1918,963
20166.666666666668,car,872,1,1915,974
20166.666666666668,bus,866,-2,1921,960
20183.333333333332,car,872,1,1915,974
20183.333333333332,bus,865,-2,1921,960
20200.0,car,873,1,1915,978
20200.0,bus,867,-2,1919,968
20216.666666666664,car,879,0,1915,973
20233.333333333336,car,878,0,1915,974
20250.0,car,877,0,1915,976
20266.666666666664,car,876,0,1915,971
20283.333333333332,car,879,0,1915,974
20300.0,car,877,0,1915,972
20316.666666666668,car,878,0,1915,971
20333.333333333332,car,878,0,1916,964
20350.0,car,878,0,1916,966
20366.666666666668,car,876,0,1916,971
20383.333333333332,car,875,0,1915,973
20400.0,car,875,0,1915,972
20416.666666666668,car,878,-1,1915,975
20433.333333333332,car,879,-1,1915,975
20450.0,car,880,-1,1915,975
20466.666666666664,car,882,-2,1915,974
20483.333333333336,car,873,-1,1915,978
20483.333333333336,bus,859,0,1913,969
20500.0,car,874,-2,1915,978
20500.0,bus,858,0,1913,971
20516.666666666664,car,877,0,1915,989
20516.666666666664,bus,868,0,1916,969
20533.333333333332,car,875,0,1915,988
20550.0,car,865,0,1915,994
20566.666666666668,car,861,0,1915,993
20583.333333333332,car,860,0,1915,996
20600.0,car,865,0,1915,995
20616.666666666668,car,861,-1,1915,993
20633.333333333332,car,861,-1,1915,993
20650.0,car,861,0,1915,993
20666.666666666668,car,829,0,1914,994
20683.333333333332,car,831,0,1914,991
20700.0,car,853,0,1915,979
20716.666666666664,car,853,0,1915,983
20733.333333333336,car,852,0,1915,984
20750.0,car,840,-2,1915,996
20766.666666666664,car,836,-1,1915,991
20783.333333333332,car,835,-1,1915,989
20800.0,car,836,-1,1915,989
20816.666666666668,car,849,-2,1915,994
20833.333333333332,car,846,-1,1915,989
20850.0,car,836,1,1915,989
20866.666666666668,car,836,1,1915,989
20883.333333333332,car,835,1,1915,990
20900.0,car,845,0,1915,995
20916.666666666668,car,843,0,1915,998
20933.333333333332,car,841,0,1915,1000
20950.0,car,831,0,1915,1005
20966.666666666664,car,830,0,1915,1002
20983.333333333336,car,845,0,1915,993
21000.0,car,835,0,1915,992
21000.0,bus,843,-6,1909,979
21016.666666666664,car,836,-1,1915,990
21016.666666666664,bus,843,-5,1908,978
21033.333333333332,car,836,0,1915,988
21033.333333333332,bus,843,-5,1908,977
21050.0,car,838,0,1914,984
21050.0,bus,840,-4,1909,968
21066.666666666668,car,837,0,1914,986
21066.666666666668,bus,840,-4,1909,970
21083.333333333332,car,838,0,1914,985
21083.333333333332,bus,840,-4,1909,965
21100.0,car,834,1,1914,971
21100.0,bus,837,-4,1911,951
21116.666666666668,car,833,1,1915,970
21116.666666666668,bus,837,-4,1910,949
21133.333333333332,car,856,5,1918,958
21133.333333333332,bus,859,0,1915,950
21150.0,car,855,4,1918,962
21150.0,bus,859,0,1914,951
21166.666666666668,car,852,4,1918,965
21166.666666666668,bus,858,0,1914,956
21183.333333333332,car,849,3,1917,969
21183.333333333332,bus,856,-2,1912,957
21200.0,car,849,4,1917,968
21200.0,bus,856,-2,1913,959
21216.666666666664,car,846,4,1917,963
21216.666666666664,bus,855,-2,1912,957
21233.333333333336,car,845,1,1915,964
21233.333333333336,bus,849,-4,1915,961
21250.0,car,848,1,1915,963
21250.0,bus,851,-4,1915,961
21266.666666666664,car,845,0,1915,970
21266.666666666664,bus,850,-4,1915,965
21283.333333333332,car,836,-1,1914,976
21283.333333333332,bus,845,-5,1912,968
21300.0,car,837,-1,1914,976
21300.0,bus,845,-5,1912,967
21316.666666666668,car,837,0,1914,975
21316.666666666668,bus,846,-5,1912,968
21333.333333333332,car,839,-3,1914,989
21350.0,car,837,-3,1914,986
21366.666666666668,car,830,-4,1915,996
21383.333333333332,car,830,-4,1915,997
21400.0,car,833,-4,1915,995
21416.666666666668,car,841,-3,1915,994
21416.666666666668,bus,848,-3,1910,981
21433.333333333332,car,840,-3,1915,995
21450.0,car,841,-4,1915,992
21466.666666666664,car,838,-1,1915,996
21483.333333333336,car,845,0,1916,1003
21500.0,car,843,0,1916,1006
21516.666666666664,car,841,-1,1916,1006
21550.0,bus,838,-5,1905,983
21566.666666666668,car,843,0,1916,1003
21583.333333333332,car,843,0,1915,1005
21600.0,car,841,-1,1916,1008
21700.0,car,831,2,1916,1000
21716.666666666664,car,831,2,1916,1002
21733.333333333336,car,834,0,1916,1016
21750.0,car,834,0,1916,1018
21766.666666666664,car,831,0,1915,1018
21783.333333333332,car,832,0,1915,1017
21800.0,car,831,0,1915,1016
21900.0,bus,839,-7,1904,991
21916.666666666668,bus,837,-6,1904,988
21933.333333333332,bus,840,-6,1905,988
21950.0,car,838,0,1914,999
21950.0,bus,853,-5,1905,985
21966.666666666664,bus,845,-5,1906,972
21983.333333333336,bus,845,-5,1906,968
22000.0,bus,843,-5,1906,970
22016.666666666664,bus,840,-6,1905,972
22033.333333333332,bus,842,-6,1905,972
22050.0,car,827,1,1914,991
22050.0,bus,846,-3,1906,982
22066.666666666668,car,830,2,1914,987
22066.666666666668,bus,850,-3,1909,978
22083.333333333332,car,829,2,1914,988
22083.333333333332,bus,850,-3,1908,980
22100.0,car,845,3,1913,986
22100.0,bus,852,-5,1912,971
22116.666666666668,car,842,5,1914,981
22116.666666666668,bus,850,-5,1909,969
22133.333333333332,car,846,5,1914,980
22133.333333333332,bus,851,-4,1910,967
22150.0,car,858,4,1914,999
22166.666666666668,car,858,4,1914,997
22183.333333333332,car,860,4,1914,996
22200.0,car,856,5,1914,996
22216.666666666664,car,854,4,1914,995
22233.333333333336,car,855,6,1915,987
22250.0,car,861,6,1914,978
22266.666666666664,car,863,6,1914,976
22283.333333333332,car,861,6,1914,974
22300.0,car,853,5,1914,953
22316.666666666668,car,857,4,1914,962
22333.333333333332,car,861,2,1913,951
22350.0,car,862,2,1914,955
22366.666666666668,car,861,2,1914,957
22383.333333333332,car,868,2,1915,972
22383.333333333332,bus,855,0,1911,944
22400.0,car,870,3,1915,969
22400.0,bus,858,0,1911,942
22416.666666666668,car,868,3,1915,972
22416.666666666668,bus,858,0,1911,945
22433.333333333332,car,867,2,1914,961
22433.333333333332,bus,854,-2,1910,947
22450.0,car,866,2,1914,959
22450.0,bus,854,-2,1910,946
22466.666666666664,car,871,3,1915,965
22466.666666666664,bus,861,-1,1909,950
22483.333333333336,car,872,3,1915,965
22483.333333333336,bus,861,0,1909,951
22500.0,car,873,3,1915,966
22500.0,bus,862,0,1909,952
22516.666666666664,car,873,2,1915,972
22516.666666666664,bus,861,0,1908,957
22533.333333333332,car,870,3,1915,962
22533.333333333332,bus,857,-1,1911,946
22550.0,car,870,2,1915,966
22550.0,bus,856,-2,1910,951
22566.666666666668,bus,854,-1,1909,953
22566.666666666668,car,865,2,1914,968
22583.333333333332,bus,855,-1,1910,953
22583.333333333332,car,865,2,1914,967
22600.0,bus,855,-1,1910,953
22600.0,car,866,2,1915,967
22616.666666666668,bus,849,-2,1912,941
22633.333333333332,bus,849,-2,1912,940
22650.0,bus,850,-1,1913,940
22666.666666666668,car,873,3,1914,963
22666.666666666668,bus,859,0,1915,950
22683.333333333332,car,875,3,1915,960
22683.333333333332,bus,860,0,1913,952
22700.0,car,873,3,1915,956
22700.0,bus,860,0,1914,950
22716.666666666664,car,874,3,1915,952
22716.666666666664,bus,859,0,1914,946
22733.333333333336,car,869,1,1915,958
22733.333333333336,bus,855,0,1916,949
22750.0,car,870,1,1915,958
22750.0,bus,856,0,1916,947
22766.666666666664,car,871,2,1915,955
22766.666666666664,bus,857,0,1916,946
22783.333333333332,car,874,1,1915,950
22783.333333333332,bus,859,0,1916,943
22800.0,car,875,1,1915,950
22800.0,bus,859,0,1916,942
22816.666666666668,car,875,1,1915,951
22816.666666666668,bus,860,0,1916,944
22833.333333333332,car,876,2,1915,958
22833.333333333332,bus,862,0,1914,951
22850.0,car,876,2,1915,956
22850.0,bus,861,0,1914,950
22866.666666666668,car,874,1,1915,964
22866.666666666668,bus,859,-1,1913,954
22883.333333333332,car,874,1,1915,963
22883.333333333332,bus,858,0,1913,952
22900.0,car,874,1,1915,963
22900.0,bus,859,-1,1912,952
22916.666666666668,car,876,1,1915,972
22916.666666666668,bus,862,-1,1911,959
22933.333333333332,car,876,1,1915,972
22933.333333333332,bus,862,0,1911,959
22950.0,car,876,1,1915,970
22950.0,bus,863,0,1912,960
22966.666666666664,car,873,1,1915,975
22966.666666666664,bus,862,-1,1912,963
22983.333333333336,car,873,1,1915,976
22983.333333333336,bus,863,-1,1912,963
23000.0,car,874,1,1915,976
23000.0,bus,862,0,1910,964
23016.666666666664,car,877,1,1915,971
23016.666666666664,bus,863,0,1909,963
23033.333333333332,car,877,1,1915,972
23033.333333333332,bus,862,0,1909,962
23050.0,car,875,2,1915,963
23050.0,bus,862,-1,1909,956
23066.666666666668,car,875,2,1915,968
23066.666666666668,bus,862,-1,1910,959
23083.333333333332,car,876,2,1915,967
23083.333333333332,bus,862,-1,1910,959
23100.0,car,874,1,1915,972
23100.0,bus,861,-1,1909,961
23116.666666666668,car,872,0,1915,969
23116.666666666668,bus,857,-2,1910,957
23133.333333333332,car,871,0,1915,971
23133.333333333332,bus,856,-2,1909,958
23150.0,bus,855,-3,1908,962
23150.0,car,870,0,1915,975
23166.666666666668,car,874,0,1915,977
23166.666666666668,bus,858,-2,1908,964
23183.333333333332,car,875,0,1915,979
23183.333333333332,bus,860,-2,1908,966
23200.0,car,876,0,1915,979
23200.0,bus,860,-3,1908,967
23216.666666666664,car,885,1,1915,974
23216.666666666664,bus,869,-1,1911,963
23233.333333333336,car,884,1,1915,974
23233.333333333336,bus,869,-1,1911,963
23250.0,car,879,1,1915,973
23266.666666666664,car,879,1,1915,972
23283.333333333332,car,879,1,1915,977
23300.0,car,868,0,1915,984
23316.666666666668,car,869,0,1915,983
23333.333333333332,car,868,0,1915,986
23350.0,car,868,0,1916,994
23366.666666666668,car,871,-1,1916,995
23383.333333333332,car,874,-1,1916,994
23400.0,car,873,-1,1916,997
23416.666666666668,car,872,-1,1916,996
23433.333333333332,car,872,-1,1916,998
23450.0,car,873,-1,1916,999
23466.666666666664,car,872,-1,1916,997
23833.333333333332,bus,869,-4,1905,1003
23850.0,bus,869,-4,1905,1004
23866.666666666668,bus,862,-3,1909,993
23866.666666666668,car,880,7,1916,1010
23883.333333333332,bus,862,-3,1910,993
23883.333333333332,car,880,6,1917,1009
23900.0,bus,862,-3,1910,995
23900.0,car,878,5,1916,1010
23916.666666666668,bus,862,-3,1910,994
23916.666666666668,car,879,6,1916,1009
23933.333333333332,bus,865,-3,1909,995
23933.333333333332,car,884,5,1915,1008
23950.0,bus,864,-3,1909,992
23950.0,car,884,5,1915,1006
23966.666666666664,bus,864,-2,1909,992
23983.333333333336,bus,862,-3,1911,984
23983.333333333336,car,877,5,1918,1007
24000.0,bus,861,-3,1911,979
24000.0,car,879,5,1918,1000
24016.666666666664,bus,861,-3,1911,982
24016.666666666664,car,878,5,1918,1001
24033.333333333332,bus,856,-2,1911,983
24033.333333333332,car,871,-5,1914,995
24050.0,bus,855,-1,1911,983
24066.666666666668,bus,856,-1,1910,988
24066.666666666668,car,875,4,1917,1004
24083.333333333332,bus,856,-1,1910,990
24083.333333333332,car,874,4,1917,1005
24100.0,bus,855,-1,1909,991
24116.666666666668,car,870,-6,1915,1003
24116.666666666668,bus,861,-2,1908,994
24133.333333333332,car,871,-6,1915,1005
24133.333333333332,bus,861,-2,1908,996
24150.0,car,871,-6,1915,1007
24150.0,bus,861,-2,1908,997
24166.666666666668,car,871,-7,1915,1006
24166.666666666668,bus,860,-2,1908,997
24183.333333333332,car,868,-5,1915,1007
24200.0,car,867,-4,1915,1008
24216.666666666664,car,868,-5,1915,1011
24216.666666666664,bus,863,-2,1910,998
24233.333333333336,car,870,-5,1916,1010
24250.0,car,866,-6,1915,1002
24250.0,bus,859,-3,1909,998
24266.666666666664,car,865,-6,1915,1000
24266.666666666664,bus,859,-2,1909,998
24283.333333333332,car,865,-6,1915,1001
24283.333333333332,bus,859,-2,1908,998
24300.0,car,865,-6,1915,1001
24300.0,bus,859,-3,1908,998
24316.666666666668,car,861,-6,1916,999
24333.333333333332,car,862,-5,1916,995
24350.0,car,867,-3,1917,1004
24366.666666666668,car,866,-4,1917,1004
24383.333333333332,car,864,-3,1917,1002
24400.0,car,865,-3,1916,1004
24416.666666666668,car,864,-3,1916,1002
24433.333333333332,car,864,-3,1916,1001
24450.0,car,862,-2,1916,1000
24466.666666666664,car,863,-1,1916,998
24483.333333333336,car,863,-1,1916,996
24500.0,car,862,-1,1915,996
24516.666666666664,car,862,-2,1915,998
24533.333333333332,car,863,-2,1916,999
24550.0,car,853,-1,1915,984
24566.666666666668,car,852,-1,1915,985
24583.333333333332,car,853,-1,1915,989
24600.0,car,855,-1,1915,985
24616.666666666668,car,858,0,1915,979
24633.333333333332,car,859,0,1915,977
24650.0,car,859,-1,1915,983
24666.666666666668,car,858,-1,1915,984
24683.333333333332,car,857,-1,1915,984
24700.0,car,857,-1,1915,985
24716.666666666664,car,856,-1,1915,984
24733.333333333336,car,856,-1,1915,985
24750.0,car,863,0,1915,985
24766.666666666664,car,864,0,1915,987
24783.333333333332,car,862,-2,1915,980
24800.0,car,860,-2,1915,979
24816.666666666668,car,863,-2,1915,980
24833.333333333332,car,863,-2,1915,984
24850.0,car,866,-1,1915,987
24850.0,bus,853,-1,1912,971
24866.666666666668,car,868,-1,1915,988
24866.666666666668,bus,854,-1,1913,972
24883.333333333332,car,868,-1,1915,987
24883.333333333332,bus,855,-1,1913,971
24900.0,car,869,-2,1915,986
24900.0,bus,854,-1,1912,971
24916.666666666668,car,869,-2,1915,985
24933.333333333332,car,869,-1,1915,983
24933.333333333332,bus,855,-1,1913,967
24950.0,car,871,0,1915,982
24966.666666666664,car,870,0,1915,982
24983.333333333336,car,873,-2,1915,987
25000.0,car,881,-2,1915,985
25016.666666666664,car,881,-1,1915,986
25033.333333333332,car,874,-1,1915,984
25050.0,car,874,-1,1915,982
25066.666666666668,car,872,0,1915,982
25083.333333333332,car,870,0,1915,973
25100.0,car,864,0,1915,982
25116.666666666668,car,864,0,1915,983
25133.333333333332,car,873,1,1915,979
25133.333333333332,bus,861,0,1913,965
25150.0,car,872,1,1914,979
25150.0,bus,859,0,1910,965
25166.666666666668,car,872,1,1915,980
25166.666666666668,bus,860,0,1911,967
25183.333333333332,car,869,0,1915,995
25200.0,car,869,0,1915,992
25216.666666666664,car,866,0,1915,993
25233.333333333336,car,862,1,1914,990
25233.333333333336,bus,855,0,1913,977
25250.0,car,860,1,1914,985
25266.666666666664,car,858,2,1914,969
25283.333333333332,car,859,2,1914,969
25300.0,car,864,1,1915,971
25300.0,bus,851,0,1912,966
25316.666666666668,car,871,2,1915,982
25333.333333333332,car,870,2,1915,982
25350.0,car,871,1,1915,985
25366.666666666668,car,871,2,1915,981
25383.333333333332,car,871,1,1915,981
25400.0,car,872,2,1915,978
25400.0,bus,856,0,1914,963
25416.666666666668,car,875,2,1915,973
25416.666666666668,bus,858,1,1915,959
25433.333333333332,car,874,2,1915,973
25433.333333333332,bus,859,0,1914,961
25450.0,car,870,2,1914,973
25450.0,bus,856,0,1914,960
25466.666666666664,car,869,2,1915,976
25466.666666666664,bus,856,0,1913,962
25483.333333333336,car,879,1,1915,973
25483.333333333336,bus,863,0,1913,969
25500.0,car,877,0,1915,973
25500.0,bus,861,-1,1912,972
25516.666666666664,car,879,1,1915,972
25516.666666666664,bus,862,-1,1912,972
25533.333333333332,car,877,1,1915,972
25533.333333333332,bus,861,-1,1911,973
25550.0,car,876,0,1915,970
25550.0,bus,860,0,1910,973
25566.666666666668,car,876,0,1915,971
25566.666666666668,bus,861,-1,1910,976
25583.333333333332,car,876,0,1916,976
25600.0,car,874,0,1915,976
25616.666666666668,car,871,-1,1915,967
25633.333333333332,car,873,-1,1915,963
25650.0,car,875,-2,1915,964
25666.666666666668,car,875,-2,1915,960
25683.333333333332,car,875,-2,1915,963
25700.0,car,880,0,1915,963
25716.666666666664,car,876,0,1915,969
25733.333333333336,car,875,0,1915,970
25750.0,car,859,-1,1914,979
25766.666666666664,car,858,-1,1914,977
25783.333333333332,car,862,-1,1915,981
25800.0,car,861,-1,1915,982
25816.666666666668,car,861,-1,1915,983
25833.333333333332,car,861,-1,1915,982
25849.999999999996,car,860,-1,1915,984
25866.666666666668,car,861,-1,1915,984
25883.333333333332,car,862,-1,1915,985
25900.0,car,860,-1,1915,986
25900.0,bus,849,-2,1909,982
25916.666666666668,car,861,-1,1915,988
25933.333333333332,car,869,0,1915,987
25933.333333333332,bus,857,-1,1909,982
25950.0,car,870,0,1915,988
25966.666666666664,car,867,0,1915,990
25983.333333333336,car,865,0,1915,996
26000.0,car,872,0,1915,988
26016.666666666664,car,872,0,1915,990
26033.333333333332,car,869,0,1915,989
26050.0,car,867,0,1915,991
26066.666666666668,car,867,0,1915,991
26083.333333333332,car,866,0,1915,993
26099.999999999996,car,865,0,1915,992
26116.666666666668,car,866,0,1915,991
26133.333333333332,car,868,-1,1915,993
26150.0,car,869,0,1915,991
26166.666666666668,car,868,0,1915,988
26183.333333333332,car,872,0,1915,985
26200.0,car,872,0,1915,990
26216.666666666664,car,872,0,1915,990
26233.333333333336,car,874,0,1915,992
26250.0,car,874,0,1915,991
26266.666666666664,car,879,1,1915,982
26283.333333333332,car,876,2,1915,981
26300.0,car,876,1,1915,984
26316.666666666668,car,876,1,1915,984
26333.333333333332,car,868,0,1914,989
26349.999999999996,car,869,0,1914,988
26366.666666666668,car,868,0,1914,989
26383.333333333332,car,869,0,1915,993
26400.0,car,872,0,1915,991
26416.666666666668,car,874,0,1915,991
26433.333333333332,car,872,0,1915,990
26450.0,car,875,4,1925,1006
26466.666666666664,car,876,4,1925,1007
26483.333333333336,car,876,4,1925,1006
26500.0,car,885,0,1916,987
26516.666666666664,car,884,0,1916,984
26533.333333333332,car,875,0,1916,990
26550.0,car,876,0,1916,991
26566.666666666668,car,875,0,1916,992
26583.333333333332,car,875,0,1915,991
26599.999999999996,car,875,0,1915,993
26616.666666666668,car,876,0,1915,985
26633.333333333332,car,877,0,1915,982
26650.0,car,879,1,1915,982
26666.666666666668,car,879,1,1915,982
26683.333333333332,car,879,1,1915,981
26700.0,car,881,1,1915,980
26716.666666666664,car,882,0,1915,980
26733.333333333336,car,881,0,1915,983
26750.0,car,879,1,1915,984
26766.666666666664,car,880,1,1915,984
26783.333333333332,car,880,0,1915,985
26800.0,car,879,0,1915,984
26816.666666666668,car,883,0,1915,983
26833.333333333332,car,884,0,1915,980
26849.999999999996,car,884,0,1915,982
26866.666666666668,car,885,0,1915,982
26883.333333333332,car,885,0,1915,980
26900.0,car,888,2,1915,968
26916.666666666668,car,889,2,1915,969
26933.333333333332,car,891,3,1915,967
26950.0,car,895,3,1915,964
26966.666666666664,car,894,3,1915,967
26983.333333333336,car,897,5,1916,962
27000.0,car,898,4,1916,962
27016.666666666664,car,898,5,1916,960
27033.333333333332,car,898,5,1915,959
27050.0,car,896,4,1916,961
27066.666666666668,car,897,4,1916,963
27083.333333333332,car,897,4,1916,963
27099.999999999996,car,895,2,1915,964
27116.666666666668,car,897,3,1915,958
27133.333333333332,car,898,3,1915,957
27150.0,car,887,2,1915,965
27166.666666666668,car,887,1,1915,965
27183.333333333332,car,887,2,1915,966
27200.0,car,886,2,1915,967
27216.666666666664,car,887,2,1915,969
27233.333333333336,car,888,4,1914,960
27250.0,car,886,4,1915,963
27266.666666666664,car,887,4,1915,964
27283.333333333332,car,886,3,1915,965
27300.0,car,881,2,1915,974
27316.666666666668,car,879,1,1916,979
27333.333333333332,car,881,1,1916,978
27349.999999999996,car,878,1,1916,978
27366.666666666668,car,878,0,1916,976
27383.333333333332,car,875,0,1915,978
27400.0,car,875,0,1915,979
27416.666666666668,car,877,1,1916,975
27433.333333333332,car,869,1,1915,985
27450.0,car,866,1,1915,986
27466.666666666664,car,861,1,1915,986
27483.333333333336,car,856,0,1915,991
27500.0,car,856,0,1915,995
27516.666666666664,car,863,0,1915,990
27533.333333333332,car,863,0,1915,991
27550.0,car,862,0,1915,989
27566.666666666668,car,864,0,1915,992
27583.333333333332,car,866,0,1915,989
27599.999999999996,car,867,0,1915,989
27616.666666666668,car,871,0,1915,990
27633.333333333332,car,872,0,1915,992
27650.0,car,869,0,1915,1001
27666.666666666668,car,869,0,1915,1001
27683.333333333332,car,869,0,1915,1001
27700.0,car,869,0,1915,1002
27716.666666666664,car,869,-1,1915,1003
27733.333333333336,car,869,-1,1915,1003
27750.0,car,870,-1,1915,1005
27766.666666666664,car,869,-1,1915,1004
27783.333333333332,car,869,-1,1915,1004
27800.0,car,868,-1,1915,1004
27816.666666666668,car,868,-1,1915,1004
27833.333333333332,car,867,-1,1915,1004
27849.999999999996,car,867,-1,1915,1004
27866.666666666668,car,867,0,1915,1002
27883.333333333332,car,866,0,1915,1002
27900.0,car,867,0,1915,1002
27916.666666666668,car,866,-1,1915,1003
27933.333333333332,car,879,9,1917,1018
27950.0,car,878,8,1917,1018
27966.666666666664,car,876,8,1917,1015
27983.333333333336,car,866,-1,1915,999
28000.0,car,860,0,1915,992
28016.666666666664,car,863,-1,1915,997
28033.333333333332,car,856,0,1915,994
28050.0,car,866,0,1915,993
28066.666666666668,car,871,0,1915,993
28083.333333333332,car,871,0,1915,992
28099.999999999996,car,869,0,1915,994
28116.666666666668,car,869,0,1915,993
28133.333333333332,car,869,0,1915,991
28150.0,car,867,0,1915,994
28166.666666666668,car,868,0,1915,995
28183.333333333332,car,869,0,1915,996
28200.0,car,870,0,1915,995
28216.666666666664,car,870,0,1915,990
28233.333333333336,car,866,0,1916,995
28250.0,car,860,0,1916,995
28266.666666666664,car,859,0,1916,996
28283.333333333332,car,860,0,1916,995
28300.0,car,865,1,1916,994
28316.666666666668,car,865,2,1916,991
28333.333333333332,car,864,2,1916,992
28349.999999999996,car,882,1,1916,978
28366.666666666668,car,883,1,1916,977
28383.333333333332,car,886,0,1916,977
28400.0,car,886,1,1916,974
28416.666666666668,car,886,0,1917,975
28433.333333333332,car,885,0,1916,978
28450.0,car,883,0,1916,977
28466.666666666664,car,882,0,1916,980
28483.333333333336,car,882,0,1916,982
28500.0,car,883,0,1916,981
28516.666666666664,car,880,0,1916,981
28533.333333333332,car,879,0,1916,981
28550.0,car,892,-2,1917,993
28566.666666666668,car,891,-1,1917,987
28583.333333333332,car,881,0,1917,990
28599.999999999996,car,884,0,1917,990
28616.666666666668,car,883,0,1917,988
28633.333333333332,car,881,0,1916,986
28650.0,car,880,0,1916,984
28666.666666666668,car,877,0,1917,979
28683.333333333332,car,875,0,1916,979
28700.0,car,875,1,1916,973
28716.666666666664,car,873,1,1916,977
28733.333333333336,car,879,1,1916,968
28750.0,car,878,0,1916,971
28766.666666666664,car,873,0,1916,973
28783.333333333332,car,872,0,1916,972
28800.0,car,870,0,1916,973
28816.666666666668,car,870,1,1916,972
28833.333333333332,car,871,1,1916,972
28849.999999999996,car,873,2,1916,968
28866.666666666668,car,875,1,1916,976
28883.333333333332,car,876,1,1916,977
28900.0,car,875,1,1916,975
28916.666666666668,car,873,0,1916,978
28933.333333333332,car,865,0,1916,979
28950.0,car,865,0,1916,980
28966.666666666664,car,865,0,1916,984
28983.333333333336,car,865,0,1916,985
29000.0,car,863,-1,1916,987
29016.666666666664,car,862,0,1916,984
29033.333333333332,car,861,0,1916,985
29050.0,car,861,0,1916,983
29066.666666666668,car,864,0,1916,986
29083.333333333332,car,865,0,1916,986
29099.999999999996,car,864,0,1916,985
29116.666666666668,car,864,1,1916,984
29133.333333333332,car,861,0,1916,986
29150.0,car,859,0,1916,986
29166.666666666668,car,846,0,1916,996
29183.333333333332,car,845,0,1916,997
29200.0,car,844,0,1916,997
29216.666666666664,car,849,0,1915,991
29233.333333333336,car,848,0,1915,992
29250.0,car,848,0,1915,989
29266.666666666664,car,848,0,1915,987
29283.333333333332,car,850,0,1915,986
29300.0,car,846,0,1915,991
29316.666666666668,car,846,0,1915,989
29333.333333333332,car,846,-1,1915,990
29349.999999999996,car,850,-1,1916,996
29366.666666666668,car,851,-1,1916,993
29383.333333333332,car,849,-1,1916,996
29400.0,car,851,0,1916,994
29416.666666666668,car,851,-1,1916,994
29433.333333333332,car,850,-1,1916,995
29450.0,car,845,0,1915,1002
29466.666666666664,car,849,0,1915,994
29483.333333333336,car,848,0,1915,995
29500.0,car,848,0,1915,996
29516.666666666664,car,856,0,1916,999
29533.333333333332,car,858,0,1916,1000
29550.0,car,858,0,1916,996
29566.666666666668,car,859,0,1916,996
29583.333333333332,car,854,6,1916,936
29599.999999999996,car,855,7,1916,931
29616.666666666668,car,856,6,1916,932
29633.333333333332,car,859,3,1914,960
29650.0,car,864,1,1916,986
29666.666666666668,car,864,1,1916,985
29683.333333333332,car,862,0,1916,988
29700.0,car,862,0,1916,989
29716.666666666664,car,863,0,1916,990
29733.333333333336,car,863,0,1916,990
29750.0,car,874,-1,1916,991
29766.666666666664,car,872,-1,1916,992
29783.333333333332,car,875,0,1916,980
29800.0,car,875,-1,1916,986
29816.666666666668,car,873,-1,1916,987
29833.333333333332,car,871,-1,1916,987
29849.999999999996,car,871,-1,1916,988
29866.666666666668,car,873,0,1916,987
29883.333333333332,car,868,0,1916,984
29900.0,car,866,0,1916,984
29916.666666666668,car,865,0,1916,982
29933.333333333332,car,864,0,1916,979
29950.0,car,863,0,1916,980
29966.666666666664,car,864,0,1916,979
29983.333333333336,car,862,1,1916,986
30000.0,car,861,1,1916,993
30016.666666666664,car,858,0,1916,994
30033.333333333332,car,859,1,1916,993
30050.0,car,857,1,1916,992
30066.666666666668,car,862,1,1916,981
30083.333333333332,car,861,1,1916,981
30099.999999999996,car,861,1,1916,981
30116.666666666668,car,858,1,1916,976
30133.333333333332,car,859,0,1916,980
30150.0,car,858,0,1916,981
30166.666666666668,car,861,0,1916,978
30183.333333333332,car,862,0,1916,979
30200.0,car,862,0,1916,979
30216.666666666664,car,867,0,1917,983
30233.333333333336,car,867,0,1917,984
30250.0,car,871,0,1916,975
30266.666666666664,car,871,0,1916,976
30283.333333333332,car,872,0,1916,976
30300.0,car,870,0,1916,973
30316.666666666668,car,868,0,1916,982
30333.333333333332,car,868,0,1916,983
30349.999999999996,car,864,0,1916,986
30366.666666666668,car,866,0,1916,982
30383.333333333332,car,865,0,1916,982
30383.333333333332,bus,857,-1,1913,966
30400.0,car,864,0,1916,982
30400.0,bus,857,-1,1912,968
30416.666666666668,car,864,0,1916,978
30416.666666666668,bus,857,-1,1913,964
30433.333333333332,car,862,0,1916,977
30433.333333333332,bus,856,-1,1913,965
30450.0,car,855,0,1916,979
30450.0,bus,851,-3,1913,964
30466.666666666664,car,854,0,1916,979
30483.333333333336,car,852,-1,1916,983
30500.0,car,851,-2,1916,990
30516.666666666664,car,852,-2,1916,987
30533.333333333332,car,849,-2,1916,981
30550.0,car,849,-2,1916,983
30566.666666666668,car,849,-2,1916,984
30583.333333333332,car,852,-1,1916,987
30599.999999999996,car,853,-1,1916,987
30616.666666666668,car,856,-1,1916,992
30633.333333333332,car,856,-1,1916,994
30650.0,car,855,-1,1916,995
